1 36 36
5.759661 0.760400 19.076085 
1.520800 1.636200 3.860000
721.530000 0.000000 609.550000 0.000000 721.530000 172.850000 0.000000 0.000000 1.000000 
910.043196 209.562435 
793.805154 221.212144 
776.456192 226.730428 
779.925985 213.241290 
807.684323 210.175577 
811.154115 223.664715 
894.429131 213.854433 
896.164027 199.752153 
920.452573 196.073297 
925.657262 208.336149 
941.271327 203.431008 
936.066639 178.292161 
918.717677 177.679018 
890.959339 170.321307 
837.177558 174.000163 
814.623908 192.394441 
769.516608 205.883579 
764.311919 226.730428 
885.754650 206.496721 
778.191088 218.146431 
762.577023 223.051572 
764.311919 210.175577 
788.600465 207.723007 
795.540050 219.985859 
871.875481 210.788720 
873.610377 197.299582 
894.429131 194.233869 
901.368715 205.883579 
918.717677 201.591581 
915.247885 177.679018 
897.898923 178.292161 
877.080169 170.321307 
826.768181 174.000163 
799.009842 191.781299 
757.372334 205.883579 
755.637438 223.051572 
0.001000
0.001000
0.058339
0.058399
0.058181
0.001000
0.209510
0.001000
0.001000
0.001000
0.001000
0.001000
0.001000
0.001000
0.058222
0.058578
0.058697
0.058365
0.058201
0.001000
0.058326
0.001000
0.001000
0.001000
0.001000
0.001000
0.001000
0.001000
0.001000
0.001307
0.001000
0.001000
0.058329
0.058254
0.058281
0.058350
7.018061 1.266462 18.340069 
4.493145 1.265633 18.155293 
4.110520 1.329173 18.138042 
4.219952 0.906029 18.120387 
4.778675 0.917192 18.152983 
4.886639 1.364334 18.197462 
6.629007 1.347826 18.321121 
6.737295 0.912974 18.285459 
7.276225 0.892293 18.341637 
7.405627 1.290435 18.369711 
7.750549 1.216036 18.484158 
7.724716 0.573746 18.527297 
7.361212 0.394816 18.508222 
6.961631 -0.021454 18.611248 
5.496037 -0.006060 18.491493 
4.972958 0.475019 18.283545 
3.984594 0.714723 18.240414 
3.902093 1.285465 18.190332 
6.893673 1.266462 19.992222 
4.369554 1.265633 19.796864 
3.988659 1.329173 19.756631 
4.094214 0.906029 19.790472 
4.651519 0.917192 19.841900 
4.764926 1.364334 19.814087 
6.506168 1.347826 19.952704 
6.607896 0.912974 20.004177 
7.149162 0.892293 20.029326 
7.281309 1.290435 20.020943 
7.639478 1.216036 19.959432 
7.620395 0.573746 19.912910 
7.258133 0.394816 19.877344 
6.878482 -0.021454 19.715651 
5.411479 -0.006060 19.614615 
4.863160 0.475019 19.741899 
3.879481 0.714723 19.636558 
3.790411 1.285465 19.673723 
-0.112501 -0.425003 0.093096 -0.139760 -0.423092 0.077004 -0.060135 -0.333222 0.062467 -0.149682 -0.200311 0.050805 -0.167272 -0.244168 0.050155 -0.217237 -0.326814 0.085555 -0.059154 -0.333850 0.082832 -0.115292 -0.168260 0.108972 -0.115531 -0.180628 0.060831 -0.176101 -0.319007 0.072490 0.150820 -0.321080 0.132400 0.061119 -0.843411 0.192528 -2.007822 -0.016722 -0.129364 -2.457302 0.343932 -0.120958 0.021864 0.273531 0.118701 0.068680 0.040604 0.034751 -0.181364 -0.106508 -0.017711 -0.175438 -0.220059 0.047638 -0.097294 -0.425003 -0.108891 -0.126655 -0.423092 -0.097062 -0.050104 -0.333222 -0.070767 -0.140388 -0.200311 -0.072644 -0.157877 -0.244168 -0.074635 -0.201978 -0.326814 -0.117117 -0.046085 -0.333850 -0.090755 -0.097676 -0.168260 -0.125006 -0.105120 -0.180628 -0.077443 -0.163262 -0.319007 -0.098040 0.168944 -0.321080 -0.108325 0.089257 -0.843411 -0.181206 -2.004558 -0.016722 -0.172722 -2.447712 0.343932 -0.248333 0.039391 0.273531 -0.114090 0.073109 0.040604 -0.024076 -0.181971 -0.106508 -0.009644 -0.166328 -0.220059 -0.073369 
-0.164489 -0.226577 0.618167 -0.791867 -0.243151 0.571370 -0.710145 -0.431022 0.601042 -0.727325 -0.255137 0.585313 -0.903773 -0.280256 0.567494 -0.868110 -0.418557 0.588264 -0.081422 -0.409868 0.636780 -0.091039 -0.177810 0.650460 -0.180473 -0.155438 0.599722 -0.209207 -0.312476 0.577535 0.460790 -0.269734 0.526576 0.530131 0.260236 0.431429 0.295152 0.119933 0.373079 0.579599 0.105491 0.398124 -0.880843 0.113920 0.318999 -0.552434 -0.001769 0.409233 -0.780852 -0.111957 0.409401 -0.701247 -0.552251 0.463908 -0.070077 -0.226577 -0.635827 -0.697390 -0.243151 -0.683494 -0.612147 -0.431022 -0.700595 -0.631489 -0.255137 -0.687616 -0.808615 -0.280256 -0.696417 -0.770244 -0.418557 -0.711614 0.014840 -0.409868 -0.641792 0.007379 -0.177810 -0.656759 -0.088643 -0.155438 -0.619983 -0.120375 -0.312476 -0.602349 0.534439 -0.269734 -0.451647 0.588752 0.260236 -0.347190 0.347685 0.119933 -0.324681 0.632675 0.105491 -0.306854 -0.823151 0.113920 -0.447290 -0.484933 -0.001769 -0.487335 -0.710751 -0.111957 -0.521702 -0.623882 -0.552251 -0.563675 
-0.223554 -0.128278 -0.333338 -0.215015 -0.118248 -0.299686 -0.296244 -1.174897 -0.261792 -0.202279 -0.961083 -0.189409 -0.159825 -0.940817 -0.235333 0.001005 -0.819776 -0.235824 -0.453388 -0.819646 -0.276034 -0.309022 -0.914143 -0.261042 -0.172024 -0.852948 -0.290887 -0.117334 -0.866159 -0.336008 -0.127456 -0.835429 -0.630524 0.016073 -0.007354 -0.744875 -0.091638 -0.465070 -0.759780 0.563685 -0.876318 -0.713383 -0.395692 -0.827052 -0.670824 0.287878 -0.679363 -0.463353 -0.273978 -0.943978 -0.537809 -0.098990 -1.304639 -0.498936 -0.270944 -0.128278 0.296108 -0.257463 -0.118248 0.264114 -0.332102 -1.174897 0.214484 -0.228359 -0.961083 0.156987 -0.193259 -0.940817 0.208749 -0.034316 -0.819776 0.233316 -0.489607 -0.819646 0.205037 -0.344624 -0.914143 0.211830 -0.213639 -0.852948 0.261851 -0.166322 -0.866159 0.314652 -0.220426 -0.835429 0.604332 -0.095637 -0.007354 0.738885 -0.204365 -0.465070 0.737495 0.450517 -0.876318 0.789740 -0.491673 -0.827052 0.604016 0.215256 -0.679363 0.501233 -0.351415 -0.943978 0.490724 -0.172579 -1.304639 0.478490 
-1.239273 0.384484 0.053404 0.398386 0.384471 0.205834 0.423050 -0.329769 0.295696 0.482247 0.154803 0.328920 0.324748 0.123581 0.252032 0.400460 -0.213989 0.251311 -1.230947 -0.251081 0.110503 -1.192667 0.219139 0.108532 -1.350463 0.190217 0.087218 -1.279536 -0.282990 0.093602 -0.620106 -0.117840 0.254218 -0.513036 0.498560 0.296131 -0.221752 0.190217 0.254069 0.232309 -0.021277 0.327072 -0.054625 0.164178 0.202762 0.475437 0.190632 0.247517 0.392414 0.193243 0.333132 0.387305 -0.307040 0.278127 -1.217307 0.384484 -0.238356 0.424714 0.384471 -0.143864 0.462555 -0.329769 -0.229020 0.526060 0.154803 -0.253006 0.358823 0.123581 -0.200567 0.433574 -0.213989 -0.188518 -1.200525 -0.251081 -0.293564 -1.162972 0.219139 -0.285884 -1.322181 0.190217 -0.288437 -1.251097 -0.282990 -0.284129 -0.575052 -0.117840 -0.344199 -0.462913 0.498560 -0.369609 -0.181211 0.190217 -0.284407 0.278662 -0.021277 -0.288602 -0.023650 0.164178 -0.208655 0.507137 0.190632 -0.173541 0.437870 0.193243 -0.270622 0.424583 -0.307040 -0.217001 
-0.407412 0.587931 -0.099950 -0.594911 0.557221 -0.133155 -0.567101 0.591333 -0.187450 -0.591832 0.773749 -0.146047 -0.583472 0.768773 -0.178478 -0.564314 0.635059 -0.185292 -0.401640 0.655948 -0.185860 -0.425326 0.784705 -0.169512 -0.293249 0.834691 -0.156489 -0.302164 0.791618 -0.207118 -0.153544 0.878385 -0.516697 -0.049986 1.131377 -0.727928 -0.606907 0.688706 -0.844440 -0.061312 0.033004 -0.661180 -0.957468 0.174279 -0.607045 -0.489637 0.546064 -0.455163 -0.380732 0.367943 -0.465435 -0.234559 0.600222 -0.446760 -0.417785 0.587931 0.037823 -0.608141 0.557221 0.042579 -0.588775 0.591333 0.100426 -0.607028 0.773749 0.055787 -0.603618 0.768773 0.089104 -0.585696 0.635059 0.098709 -0.424941 0.655948 0.123628 -0.445912 0.784705 0.103918 -0.313374 0.834691 0.110817 -0.329769 0.791618 0.159541 -0.229177 0.878385 0.487883 -0.158414 1.131377 0.712238 -0.726502 0.688706 0.744050 -0.159618 0.033004 0.644546 -1.037567 0.174279 0.456842 -0.552268 0.546064 0.376720 -0.446129 0.367943 0.403182 -0.298808 0.600222 0.406603 
0.581969 0.954066 0.154892 0.338566 0.972156 0.179148 0.307253 -0.413315 0.264440 0.468544 0.000907 0.373616 0.350268 0.121002 0.397308 0.534426 0.023247 0.187684 0.427574 -0.048191 0.226363 0.561158 0.040455 0.300942 0.426615 0.022139 0.330752 0.538058 -0.179922 0.248238 -0.599343 -0.282148 -0.025414 -0.757481 0.433685 -0.070704 -1.101556 -0.201238 -0.071285 0.270219 -0.638590 -0.053081 -1.580897 -0.509587 -0.104588 -1.092171 -0.220850 0.273405 0.611917 -0.125693 0.467814 0.549373 -0.505486 0.203789 0.598601 0.954066 -0.066009 0.361573 0.972156 -0.126435 0.343383 -0.413315 -0.215455 0.519203 0.000907 -0.299250 0.405808 0.121002 -0.340385 0.556503 0.023247 -0.105549 0.456647 -0.048191 -0.159792 0.599891 0.040455 -0.213529 0.471328 0.022139 -0.263147 0.569160 -0.179922 -0.164877 -0.596392 -0.282148 -0.064611 -0.759528 0.433685 -0.043509 -1.099812 -0.201238 -0.094452 0.259225 -0.638590 0.092942 -1.578736 -0.509587 -0.133296 -1.038923 -0.220850 -0.433852 0.675064 -0.125693 -0.370919 0.573693 -0.505486 -0.119235 
-0.321296 0.048832 -0.042655 -0.340591 0.030827 -0.011151 -0.468163 0.689645 -0.023650 -0.359760 -0.017675 -0.116977 -0.299595 -0.110746 -0.191199 -0.294228 0.441642 -0.179130 -0.403955 0.475449 -0.149792 -0.311489 -0.231158 -0.259547 -0.379337 -0.284940 -0.223852 -0.270748 0.404582 -0.126592 -0.513377 0.347378 0.267147 -0.460202 -2.028564 0.425759 0.844669 -1.369837 0.393456 -0.597930 -1.058599 -0.044431 -0.262748 -0.928072 0.018651 -1.337302 -0.704922 0.009386 0.691343 -0.594611 -0.050997 0.138260 0.697789 0.168601 -0.324061 0.048832 -0.005932 -0.338421 0.030827 -0.039971 -0.466427 0.689645 -0.046714 -0.373219 -0.017675 0.061792 -0.324846 -0.110746 0.144186 -0.317732 0.441642 0.133057 -0.421829 0.475449 0.087620 -0.346839 -0.231158 0.209982 -0.408578 -0.284940 0.164531 -0.286650 0.404582 0.084627 -0.467591 0.347378 -0.341003 -0.391266 -2.028564 -0.489865 0.894059 -1.369837 -0.262550 -0.597843 -1.058599 -0.045597 -0.256993 -0.928072 -0.057781 -1.320822 -0.704922 -0.209512 0.675914 -0.594611 0.153935 0.161946 0.697789 -0.145999 
-0.209451 -0.698871 -0.408144 0.472084 -0.654710 -0.288789 0.778552 -0.256063 -0.357920 0.750437 -0.218038 -0.380749 0.089761 -0.285705 -0.380630 0.089589 -0.285938 -0.310204 0.174856 -0.318903 -0.331807 0.176265 -0.264071 -0.383011 -0.420286 -0.180155 -0.454887 -0.468551 -0.214539 -0.384129 0.486729 -0.389978 -0.171762 0.481786 -0.125647 -0.096405 0.657854 0.608936 0.571841 -0.281740 1.242687 0.308615 -1.408132 1.079707 -0.072272 -1.408943 0.581387 -0.262968 -0.066368 0.487364 -0.342714 -0.141214 -0.216107 -0.050694 -0.268200 -0.698871 0.372182 0.423522 -0.654710 0.356217 0.716185 -0.256063 0.470456 0.684969 -0.218038 0.488818 0.031758 -0.285705 0.389779 0.042133 -0.285938 0.320121 0.123205 -0.318903 0.354247 0.116930 -0.264071 0.405085 -0.483657 -0.180155 0.386831 -0.520784 -0.214539 0.309644 0.455525 -0.389978 0.242703 0.461920 -0.125647 0.167455 0.736059 0.608936 -0.466896 -0.232356 1.242687 -0.347320 -1.403080 1.079707 -0.139380 -1.432434 0.581387 0.049045 -0.116934 0.487364 0.328914 -0.147212 -0.216107 0.028979 
0.229799 -0.217345 -0.404941 -0.729541 -0.201957 -0.456317 -0.612933 -0.360006 -0.292292 -0.729375 -0.057443 -0.151724 -0.686499 -0.213308 -0.527191 -0.820930 -0.109521 -0.418468 0.277183 -0.217364 -0.395729 0.160008 -0.122246 -0.376323 0.086745 -0.266080 -0.351812 0.089764 -0.431217 -0.260187 -1.102953 -0.404957 -0.208284 -1.145714 0.372685 0.211772 -0.363344 0.269514 0.520589 0.386868 1.153723 1.063876 0.153056 0.837237 0.483302 0.165995 0.208339 0.299101 0.730716 0.332334 0.361594 0.730043 -0.368046 -0.359048 0.166577 -0.217345 0.434784 -0.789641 -0.201957 0.341940 -0.649788 -0.360006 0.197224 -0.743871 -0.057443 0.040806 -0.757696 -0.213308 0.418460 -0.874332 -0.109521 0.290834 0.214806 -0.217364 0.432770 0.101858 -0.122246 0.396038 0.033091 -0.266080 0.360834 0.049795 -0.431217 0.270694 -1.121705 -0.404957 0.040793 -1.101090 0.372685 -0.380930 -0.281301 0.269514 -0.569123 0.541799 1.153723 -0.993958 0.223694 0.837237 -0.454937 0.208908 0.208339 -0.270875 0.776619 0.332334 -0.248110 0.668053 -0.368046 0.464309 
0.059931 0.211093 0.292452 -0.152408 0.163232 0.206150 0.279740 -0.647084 0.108434 0.117469 0.542196 0.139754 -0.610080 0.412972 0.244049 -0.465868 -0.384341 0.145994 0.416873 -0.458027 0.234456 0.373715 0.812338 0.397244 -0.171910 0.831121 0.368523 -0.330081 -0.383726 0.178137 0.190059 -0.164994 0.240040 0.045995 -2.082586 0.392897 0.196108 0.370547 -0.515619 0.504293 0.654075 -1.219799 -0.066320 0.750943 -0.500702 0.466334 0.550392 -0.388202 1.261634 -0.149205 -0.735566 0.529263 -0.404063 -0.304672 0.103043 0.211093 -0.280182 -0.119824 0.163232 -0.226646 0.292822 -0.647084 -0.065326 0.137070 0.542196 -0.120590 -0.566662 0.412972 -0.332644 -0.438757 -0.384341 -0.214102 0.447279 -0.458027 -0.169396 0.428980 0.812338 -0.336810 -0.114794 0.831121 -0.390108 -0.299688 -0.383726 -0.225551 0.223857 -0.164994 -0.208877 0.104305 -2.082586 -0.381581 0.116695 0.370547 0.539169 0.315970 0.654075 1.281555 -0.140542 0.750943 0.485128 0.402953 0.550392 0.453649 1.137277 -0.149205 0.916177 0.477679 -0.404063 0.380483 
0.171279 0.512412 0.076322 -0.223566 0.512243 0.008548 -0.123637 -0.683017 0.143768 0.038666 0.207451 0.351846 -0.171133 0.336934 0.213829 -0.091244 -0.204529 0.012681 0.118256 -0.193411 0.052106 0.238535 0.223947 0.235578 0.037090 0.144002 0.206495 0.119117 -0.257988 0.112020 -0.542249 -0.448581 -0.274519 -0.388513 1.623918 0.006051 1.841958 0.147851 0.546922 -1.832467 -0.081590 -0.838039 0.012846 -0.037999 -0.308384 0.258461 -0.075778 -0.124133 -0.008105 0.106463 0.058334 0.297491 -0.767723 -0.055027 0.180776 0.512412 -0.049816 -0.219766 0.512243 -0.041926 -0.100717 -0.683017 -0.160659 0.090911 0.207451 -0.342090 -0.137188 0.336934 -0.237042 -0.088317 -0.204529 -0.026200 0.124724 -0.193411 -0.033813 0.271119 0.223947 -0.197207 0.067591 0.144002 -0.198614 0.134547 -0.257988 -0.092922 -0.577239 -0.448581 0.190235 -0.383228 1.623918 -0.064154 1.903084 0.147851 -0.264964 -1.937288 -0.081590 0.554220 -0.033473 -0.037999 0.306831 0.236961 -0.075778 0.161432 0.000720 0.106463 -0.058890 0.285899 -0.767723 0.098950 
-0.027835 1.057821 -0.242797 -0.166908 1.052152 -0.361995 -0.093827 -0.249701 -0.316199 0.334758 -0.187528 -0.356956 -0.471907 0.015822 -0.228056 -0.089253 0.362248 -0.181208 -0.079327 0.426507 0.002551 0.321991 0.107092 -0.014422 -0.290237 0.387192 0.139846 0.052045 0.476486 0.107603 0.806783 0.441862 -0.050957 0.832935 0.042509 0.180090 -0.262679 0.322395 1.432902 -0.244191 -0.583927 1.233459 -0.584717 -0.859382 0.097529 0.955328 -0.287972 0.110311 0.664354 -0.742306 -0.873917 -0.160392 -0.726083 -0.692009 -0.063874 1.057821 0.235892 -0.219227 1.052152 0.332923 -0.140113 -0.249701 0.298586 0.277538 -0.187528 0.403055 -0.500734 0.015822 0.154827 -0.115378 0.362248 0.165801 -0.078051 0.426507 -0.014400 0.316202 0.107092 0.062470 -0.266026 0.387192 -0.181726 0.067570 0.476486 -0.098597 0.790059 0.441862 0.171181 0.850510 0.042509 -0.053346 -0.045172 0.322395 -1.456079 -0.056755 -0.583927 -1.256117 -0.563523 -0.859382 -0.183978 0.961076 -0.287972 0.033972 0.526015 -0.742306 0.963538 -0.262197 -0.726083 0.660193 
0.118097 0.619788 -0.562459 -0.142605 0.630712 -0.496683 0.046648 -0.118009 -0.145365 0.568123 -0.422820 -0.123227 -0.679524 -0.472767 -0.372962 -0.145633 0.284253 -0.499492 0.189442 0.217066 -0.537475 0.671489 -0.576897 -0.446228 -0.512048 -0.306340 -0.249338 -0.119818 0.143873 -0.186074 -0.025368 0.328434 0.795629 -0.192378 -0.196424 1.076583 -0.246338 0.068561 0.282631 0.234471 -0.250653 -1.129397 -0.337462 -0.015135 -0.667535 0.802482 0.183647 -0.083802 -0.563492 0.832261 1.243174 -0.581432 0.301313 1.053275 0.032549 0.619788 0.573801 -0.215365 0.630712 0.469732 0.024357 -0.118009 0.150710 0.543268 -0.422820 0.206902 -0.727707 -0.472767 0.267014 -0.218779 0.284253 0.472056 0.106831 0.217066 0.559781 0.597107 -0.576897 0.541739 -0.543609 -0.306340 0.169860 -0.146327 0.143873 0.166036 0.094046 0.328434 -0.790458 -0.029014 -0.196424 -1.093251 -0.201244 0.068561 -0.316328 0.062725 -0.250653 1.151772 -0.433606 -0.015135 0.609483 0.780888 0.183647 0.203011 -0.371002 0.832261 -1.313531 -0.417172 0.301313 -1.128459 
0.048854 0.503348 -0.275306 -0.019751 0.517874 -0.215425 -0.163843 -0.100684 -0.188905 -0.496674 1.122196 0.086581 0.438737 0.949738 -0.175396 0.295882 0.103100 -0.185729 -0.197601 -0.090726 -0.173645 -0.429997 0.984058 0.048460 0.259173 0.637709 0.036277 0.293538 -0.834593 -0.234496 0.252765 -2.192133 -0.493941 -0.149392 -1.640316 -0.171537 0.124536 -0.364030 0.563530 0.060055 -0.263164 0.448915 -0.491584 -0.155684 -0.017954 0.435387 0.058998 -0.308938 -1.089438 1.052981 0.595732 -0.187087 0.094658 -0.150043 0.007083 0.503348 0.279518 -0.051783 0.517874 0.210040 -0.190280 -0.100684 0.162244 -0.478111 1.122196 -0.159971 0.407529 0.949738 0.239110 0.264737 0.103100 0.227937 -0.221373 -0.090726 0.142101 -0.417894 0.984058 -0.112296 0.261683 0.637709 0.002938 0.255119 -0.834593 0.275804 0.175959 -2.192133 0.526219 -0.173392 -1.640316 0.147235 0.207508 -0.364030 -0.538531 0.126593 -0.263164 -0.434863 -0.488731 -0.155684 -0.055853 0.384223 0.058998 0.370645 -0.987959 1.052981 -0.752136 -0.207443 0.094658 0.120340 
0.071421 0.128505 -0.499071 -0.045296 -0.017059 -0.558896 0.166203 -0.442367 -0.306143 0.015101 0.653278 -0.163902 0.014682 0.581990 -0.381902 -0.254976 -0.873571 -0.418604 0.256111 -0.684332 -0.267799 -0.047497 1.204007 -0.069558 -0.122065 0.877115 -0.096429 -0.282731 -0.576217 -0.105569 0.278643 -0.037436 0.829534 0.614458 0.992409 1.232371 -0.365431 -0.272358 -0.218199 0.173626 -0.680471 -0.049250 1.089148 -0.834755 -0.122464 -1.334390 -0.294950 0.277825 -0.325655 -0.040319 0.145426 0.367523 -0.715146 -0.542575 -0.004109 0.128505 0.504139 -0.128467 -0.017059 0.545814 0.118491 -0.442367 0.327577 -0.009610 0.653278 0.164316 -0.042665 0.581990 0.379796 -0.314778 -0.873571 0.375708 0.213127 -0.684332 0.303127 -0.057376 1.204007 0.061662 -0.135127 0.877115 0.077065 -0.295351 -0.576217 0.062046 0.399706 -0.037436 -0.778462 0.792052 0.992409 -1.126477 -0.393982 -0.272358 0.161024 0.164294 -0.680471 0.074691 1.058534 -0.834755 0.284159 -1.277749 -0.294950 -0.474488 -0.300210 -0.040319 -0.192546 0.282141 -0.715146 0.591487 
-0.121554 -0.817560 -0.078624 0.040581 -0.873007 -0.078272 -0.346798 -0.330501 -0.199164 -0.952130 0.129502 0.108088 0.863294 -0.025184 -0.120072 0.539078 0.031527 -0.340818 -0.557386 -0.029421 -0.407304 -0.966195 0.074865 -0.081513 1.026475 0.127934 0.078130 0.536531 0.339183 -0.061470 0.356196 0.935640 0.836478 0.288962 0.183330 0.835570 0.065493 0.273524 0.497494 -0.001366 0.445263 -0.678880 -1.089135 0.223092 -0.552822 0.555689 -0.258707 0.317639 0.368347 -0.514446 0.458200 0.679351 -0.170897 -0.277117 -0.131956 -0.817560 0.059538 0.028405 -0.873007 0.083466 -0.372709 -0.330501 0.144993 -0.925213 0.129502 -0.249431 0.835584 -0.025184 0.247978 0.481971 0.031527 0.417691 -0.612087 -0.029421 0.319256 -0.967508 0.074865 -0.064072 1.026602 0.127934 0.076443 0.521279 0.339183 0.141111 0.477425 0.935640 -0.773716 0.410812 0.183330 -0.782885 0.139244 0.273524 -0.482079 -0.102998 0.445263 0.671022 -1.159631 0.223092 0.383516 0.596984 -0.258707 -0.230856 0.432800 -0.514446 -0.397883 0.630200 -0.170897 0.375711 
-0.000262 -0.161761 0.677061 -0.036769 -0.141035 0.318633 0.094410 -0.035006 -0.287982 0.115677 -0.627563 -0.733973 0.186820 -0.085478 0.148450 0.100505 0.093628 -0.097855 0.004368 0.069403 0.303177 -0.041761 0.027471 0.616524 0.007875 -0.141527 0.569625 0.032623 0.019074 0.541229 -0.785347 0.101558 0.568005 -0.578930 0.049526 0.452431 -0.299231 0.087467 0.965897 0.207883 0.690364 0.505782 0.361868 -0.272831 -1.646477 -0.231834 -0.382138 -1.696085 -0.746226 0.173048 -0.600333 0.013707 0.372102 -0.423087 0.101116 -0.161761 -0.669468 0.011354 -0.141035 -0.320546 0.050226 -0.035006 0.298872 0.004476 -0.627563 0.743019 0.206941 -0.085478 -0.118805 0.084720 0.093628 0.111800 0.049713 0.069403 -0.299105 0.051021 0.027471 -0.615827 0.093075 -0.141527 -0.562024 0.113292 0.019074 -0.530244 -0.691447 0.101558 -0.679191 -0.504662 0.049526 -0.534013 -0.151236 0.087467 -0.999812 0.281269 0.690364 -0.468955 0.111264 -0.272831 1.682098 -0.483172 -0.382138 1.642254 -0.827701 0.173048 0.481834 -0.049796 0.372102 0.420370 
-0.071032 0.377428 0.336231 -0.100758 0.344495 0.029731 -0.425739 1.056959 -0.026655 0.097004 -0.739514 -0.399383 0.047921 -0.421939 -0.219558 0.150144 1.050390 0.125846 -0.396553 0.985729 0.320467 -0.194727 -0.751681 0.049311 -0.187475 -0.768034 0.263898 0.240136 0.014604 0.370767 0.332604 -1.849672 -0.057448 0.385833 0.402158 0.578859 -0.297076 -0.103301 0.488025 0.239165 -0.130682 -1.238691 0.401976 0.729141 0.228677 -0.470136 0.766583 0.637402 0.099442 0.784219 -0.366957 0.642344 -0.311783 -1.052787 -0.019888 0.377428 -0.343076 -0.095170 0.344495 -0.044482 -0.424931 1.056959 -0.037390 0.036112 -0.739514 0.409405 0.014507 -0.421939 0.224258 0.167294 1.050390 -0.101946 -0.344099 0.985729 -0.376230 -0.185148 -0.751681 -0.077911 -0.145848 -0.768034 -0.288993 0.292943 0.014604 -0.330632 0.320253 -1.849672 0.106600 0.468155 0.402158 -0.514564 -0.220656 -0.103301 -0.527004 0.051002 -0.130682 1.260537 0.431684 0.729141 -0.165912 -0.369399 0.766583 -0.700610 0.043377 0.784219 0.377709 0.477471 -0.311783 1.137096 
-0.070270 0.974352 -0.617726 0.075325 1.082577 -0.501533 -0.278575 -0.677555 0.082952 -0.069082 -0.230063 0.239428 0.120731 -0.546964 -0.276393 0.416357 0.123853 0.292565 -0.517997 -0.025534 0.181951 -0.118167 -0.540608 -0.079233 0.320462 -0.009744 0.391353 0.336657 0.610232 0.438736 0.097097 1.537430 0.739032 -0.292248 -1.072315 -0.320903 0.337325 -0.017312 -0.604342 -0.151797 0.474762 0.270728 0.351207 0.736482 0.825739 -0.466500 0.447673 -0.688298 -0.718374 0.840062 0.060718 0.212306 -1.660829 -0.485498 -0.161969 0.974352 0.600241 -0.000618 1.082577 0.507157 -0.263014 -0.677555 -0.123728 -0.032454 -0.230063 -0.247072 0.077986 -0.546964 0.291354 0.455469 0.123853 -0.226926 -0.484915 -0.025534 -0.257459 -0.128698 -0.540608 0.060647 0.375446 -0.009744 -0.338959 0.398553 0.610232 -0.383383 0.206657 1.537430 -0.716163 -0.337002 -1.072315 0.273527 0.243036 -0.017312 0.648037 -0.109550 0.474762 -0.290404 0.470884 0.736482 -0.763845 -0.564299 0.447673 0.610691 -0.701185 0.840062 -0.167595 0.137220 -1.660829 0.511813 
0.068619 0.719163 -0.258129 -0.107517 0.831257 -0.083952 -0.448134 0.527437 0.543240 -0.378296 0.274924 0.342831 0.070599 0.124118 -0.041080 0.210563 0.122039 0.027296 -0.292950 -0.083288 -0.232704 -0.085091 -0.528480 -0.435573 -0.008589 -0.645283 -0.258420 0.266095 -0.797786 0.102775 0.729905 -1.221332 0.808950 0.495870 0.825575 0.350416 0.099174 0.187230 -0.936343 -0.202897 0.645121 0.705661 0.045557 0.219651 -0.158299 -0.098095 -0.431094 -1.561779 0.972274 -0.307539 -0.221576 0.229170 0.704735 0.964826 0.029196 0.719163 0.265493 -0.118875 0.831257 0.066907 -0.361744 0.527437 -0.604215 -0.322700 0.274924 -0.395608 0.063652 0.124118 0.051188 0.212276 0.122039 0.004539 -0.324490 -0.083288 0.186218 -0.149350 -0.528480 0.417923 -0.047185 -0.645283 0.254221 0.278484 -0.797786 -0.061774 0.842800 -1.221332 -0.690544 0.542747 0.825575 -0.272221 -0.042141 0.187230 0.940637 -0.094952 0.645121 -0.728085 0.021342 0.219651 0.163335 -0.330832 -0.431094 1.529486 0.928138 -0.307539 0.364655 0.371048 0.704735 -0.919637 
-0.011761 -0.638279 0.346502 0.027155 -0.682304 -0.089266 0.371138 0.402554 -0.304660 0.263201 -0.024951 -0.899009 -0.146526 0.251062 -0.226116 -0.339664 0.193198 -0.067527 0.421917 0.077301 0.362250 0.128989 0.185118 0.151149 -0.169774 -0.090829 0.198596 -0.225493 -0.123172 0.371902 -0.196163 -0.007231 0.591626 0.005579 0.546096 0.545460 0.271617 -1.292802 -1.139827 -0.187667 -1.083899 0.319116 -1.144662 0.375731 1.220568 0.916185 -0.658533 -0.730165 -0.279271 0.819802 -0.074397 0.631309 0.106949 -0.602690 0.040253 -0.638279 -0.344357 0.013483 -0.682304 0.092325 0.321338 0.402554 0.356796 0.125627 -0.024951 0.928283 -0.178730 0.251062 0.201628 -0.345946 0.193198 0.015908 0.471400 0.077301 -0.294994 0.150166 0.185118 -0.130132 -0.138124 -0.090829 -0.221777 -0.167267 -0.123172 -0.401472 -0.105369 -0.007231 -0.614328 0.087187 0.546096 -0.538476 0.097891 -1.292802 1.167647 -0.137771 -1.083899 -0.343618 -0.949005 0.375731 -1.378197 0.796531 -0.658533 0.859112 -0.287262 0.819802 0.031744 0.533952 0.106949 0.690420 
0.093123 0.312431 0.344688 0.022821 0.377558 0.336423 0.354050 0.421641 0.084921 -0.395493 0.841448 1.468522 -0.061426 -0.650570 -0.388702 -0.147653 -0.538976 -0.066185 0.303208 -0.915432 -0.260876 0.219331 -0.817845 0.097927 -0.235931 -1.020010 -0.348710 -0.176559 -0.586719 -0.014090 -0.324356 0.964744 -0.059676 0.939740 -0.260242 -0.321469 -0.104000 0.227847 0.487750 -0.034442 -0.802127 0.156771 -0.078994 -0.117115 -0.372757 0.154083 0.288614 -0.011708 -0.457272 1.054523 -0.209794 1.299595 1.113962 -0.620136 0.143683 0.312431 -0.326859 0.072936 0.377558 -0.329214 0.362774 0.421641 -0.030953 -0.171156 0.841448 -1.511184 -0.118933 -0.650570 0.375123 -0.155898 -0.538976 0.043331 0.260729 -0.915432 0.303334 0.231521 -0.817845 -0.063984 -0.285483 -1.020010 0.309454 -0.176679 -0.586719 -0.012505 -0.329635 0.964744 0.010438 0.881013 -0.260242 0.458550 -0.029798 0.227847 -0.497824 -0.010581 -0.802127 -0.160160 -0.133916 -0.117115 0.356727 0.150593 0.288614 0.034646 -0.483530 1.054523 0.138963 1.192093 1.113962 0.807731 
-0.120923 0.404919 0.719903 -0.284983 0.393904 0.943184 0.010757 -0.393975 -0.100366 0.254902 -0.684002 -0.560986 -0.249330 0.183842 0.648690 -0.008682 0.311264 -0.050642 -0.097538 0.071528 -0.460358 -0.036744 -0.098669 -0.415781 0.074107 0.214889 -0.283430 0.023662 0.652093 -0.272802 0.089806 0.113162 -0.814682 0.907663 -0.239121 0.324033 0.224365 -1.251181 -0.966018 -0.229279 0.923751 0.937127 0.099016 -0.170728 -1.182335 0.024586 0.306133 0.481320 0.004049 0.538438 1.093705 0.751815 -0.650557 -0.131616 -0.011770 0.404919 -0.729893 -0.140549 0.393904 -0.975221 -0.004391 -0.393975 0.100845 0.168033 -0.684002 0.592828 -0.149392 0.183842 -0.678710 -0.016166 0.311264 0.048772 -0.165367 0.071528 0.440565 -0.098584 -0.098669 0.405592 0.030834 0.214889 0.291330 -0.017450 0.652093 0.273270 -0.033187 0.113162 0.818945 0.945948 -0.239121 -0.184478 0.077196 -1.251181 0.988722 -0.086380 0.923751 -0.960892 -0.079129 -0.170728 1.183832 0.096376 0.306133 -0.472213 0.167762 0.538438 -1.080770 0.723633 -0.650557 0.242700 
-0.151821 0.495249 0.790370 -0.134311 0.527275 0.659525 -0.018489 0.280554 -0.277266 -0.027991 -0.254923 -1.323722 -0.086971 0.188442 -0.065852 -0.135953 -0.913508 -0.443294 0.069127 -0.761510 -0.240026 -0.095981 -0.080022 -0.156067 -0.063062 -0.102148 0.037309 0.058995 -0.529937 -0.061000 1.044626 0.039749 1.487543 -0.782086 0.034831 -1.647873 0.156745 0.430789 0.208744 -0.158586 -0.319849 -0.079022 0.101406 -0.032278 -0.052528 -0.066816 0.239762 0.563518 0.209940 0.089592 0.637346 0.203592 0.525214 -0.307137 -0.031769 0.495249 -0.804192 -0.034048 0.527275 -0.672200 -0.059795 0.280554 0.271372 -0.225874 -0.254923 1.304609 -0.095850 0.188442 0.052087 -0.200794 -0.913508 0.417941 0.032409 -0.761510 0.247670 -0.118266 -0.080022 0.139937 -0.056765 -0.102148 -0.046330 0.049196 -0.529937 0.069146 1.255577 0.039749 -1.314364 -1.020002 0.034831 1.512197 0.186233 0.430789 -0.182922 -0.168631 -0.319849 0.054386 0.092398 -0.032278 0.067119 0.018312 0.239762 -0.567170 0.303002 0.089592 -0.598727 0.155310 0.525214 0.334158 
0.137179 0.481844 -0.174066 -0.105738 0.591579 -0.220162 -0.225229 -0.436251 -0.524767 -0.051953 -0.330326 -0.887476 0.055523 0.844616 1.484799 0.292334 -0.533812 -0.157938 -0.374717 -0.710054 -0.447385 -0.121093 -0.693902 -0.200862 0.257928 -0.315839 0.383180 0.391243 -0.992292 -0.230415 -0.719500 0.459025 -0.057213 0.190311 -0.230381 0.896145 0.173475 0.436406 -0.323408 -0.062719 -0.317530 0.152339 -0.166630 0.252506 0.445394 -0.017639 1.013641 0.756869 -0.343812 0.127040 -1.267304 -0.246334 1.181136 0.304284 0.109570 0.481844 0.192644 -0.137511 0.591579 0.201848 -0.301263 -0.436251 0.485129 -0.184247 -0.330326 0.869693 0.277213 0.844616 -1.459748 0.265391 -0.533812 0.199928 -0.437479 -0.710054 0.386236 -0.149803 -0.693902 0.180467 0.312394 -0.315839 -0.340241 0.352333 -0.992292 0.286398 -0.719955 0.459025 -0.051161 0.322343 -0.230381 -0.857548 0.123096 0.436406 0.345736 -0.039202 -0.317530 -0.160012 -0.098063 0.252506 -0.465323 0.095885 1.013641 -0.750978 -0.529687 0.127040 1.201539 -0.197997 1.181136 -0.337737 
0.095701 0.698437 -0.419710 0.187059 0.595071 -0.616298 0.297752 0.144916 0.144526 -0.166893 -0.023311 -0.284162 0.228781 -1.037380 -1.282213 -0.171645 -0.053899 0.164171 0.206624 0.307086 0.691156 -0.143580 0.375063 0.764403 0.145641 -0.111283 0.137546 -0.335611 -0.000227 0.339069 -0.213879 -0.498974 0.414545 -0.158363 -0.140180 0.085500 0.396074 -0.219373 -0.921408 -0.235434 0.863120 0.521212 -0.304970 0.054806 -0.888245 0.245975 0.238777 1.495868 -0.670250 -1.130665 -0.548299 0.310851 0.810245 0.299303 0.031780 0.698437 0.429308 0.092673 0.595071 0.637359 0.316035 0.144916 -0.098315 -0.207559 -0.023311 0.255970 0.034219 -1.037380 1.302014 -0.145129 -0.053899 -0.188021 0.307780 0.307086 -0.652428 -0.027509 0.375063 -0.777284 0.164594 -0.111283 -0.114189 -0.281060 -0.000227 -0.385497 -0.149399 -0.498974 -0.441895 -0.143776 -0.140180 -0.108247 0.253648 -0.219373 0.970324 -0.154740 0.863120 -0.550588 -0.434528 0.054806 0.832569 0.467175 0.238777 -1.442176 -0.744790 -1.130665 0.441763 0.352161 0.810245 -0.249386 
-0.033547 -0.604958 -1.562826 0.233359 -0.398090 -1.474477 -0.155753 0.711648 -0.004781 0.042218 -0.119803 0.060935 -0.315485 0.720122 1.640212 -0.238786 0.044563 0.485525 -0.075477 -0.292443 0.245439 0.200126 -0.314329 0.891270 -0.314482 -0.517206 0.228678 -0.098842 0.246332 0.256048 0.512822 -0.008630 0.149013 -0.077073 0.046526 -0.693129 -0.021193 -0.604116 0.092866 -0.030450 0.066170 0.159426 0.024565 0.042826 -0.858304 0.061585 -0.136752 0.151853 0.194394 0.250640 0.589569 0.535871 0.289443 -0.476580 -0.267168 -0.604958 1.540186 0.009958 -0.398090 1.492796 -0.154713 0.711648 -0.018593 0.050866 -0.119803 -0.053927 -0.066342 0.720122 -1.668959 -0.163398 0.044563 -0.515804 -0.037877 -0.292443 -0.253973 0.331318 -0.314329 -0.851259 -0.276697 -0.517206 -0.273187 -0.059391 0.246332 -0.267962 0.529353 -0.008630 -0.070549 -0.179985 0.046526 0.673775 -0.007049 -0.604116 -0.094992 -0.006236 0.066170 -0.162188 -0.104225 0.042826 0.852307 0.083628 -0.136752 -0.140920 0.280478 0.250640 -0.553817 0.458473 0.289443 0.551443 
0.099496 0.654419 -0.398959 -0.001560 0.563823 -0.084858 0.154255 0.255299 0.650729 -0.172518 -0.631237 -1.293611 0.067934 -0.084039 0.332510 -0.321651 -0.301818 0.855863 0.339245 -0.262918 0.514310 -0.355546 0.487986 -0.350195 0.225054 0.074774 -0.796500 -0.287246 0.044997 0.128052 -0.545012 0.131647 -0.487776 0.835590 -0.391701 -0.093647 -0.084094 1.092944 0.591931 0.068094 0.346342 -0.648507 -0.030008 0.054877 0.771781 -0.039738 -0.860879 -0.600287 -0.530976 -1.122618 0.819704 0.912874 0.404452 0.161437 0.038639 0.654419 0.409359 -0.014248 0.563823 0.083668 0.249949 0.255299 -0.620298 -0.364263 -0.631237 1.253197 0.116955 -0.084039 -0.318590 -0.189878 -0.301818 -0.894375 0.412427 -0.262918 -0.457718 -0.403972 0.487986 0.293012 0.103259 0.074774 0.821219 -0.264835 0.044997 -0.169618 -0.611902 0.131647 0.400674 0.812149 -0.391701 0.217702 0.005482 1.092944 -0.597849 -0.029774 0.346342 0.651392 0.085887 0.054877 -0.767574 -0.129169 -0.860879 0.587571 -0.402258 -1.122618 -0.889966 0.926755 0.404452 -0.022935 
-0.268172 0.642867 0.042656 0.146844 0.687047 -0.252727 -0.022918 0.383946 -0.564028 -0.071151 -0.455170 0.056188 -0.043715 -0.950347 -0.263203 0.031223 -1.274317 -1.050463 -0.110186 -0.775997 -0.311113 -0.231536 0.054197 1.107178 0.197242 0.488932 1.313820 -0.022797 0.529251 -0.048323 -0.017019 0.047770 -0.917197 0.499846 0.339273 -0.027758 -0.095739 -1.144575 0.201214 0.064492 0.695094 -0.390531 0.073109 0.650473 0.655992 -0.146948 -0.519156 -0.428787 0.521266 -0.032369 0.621103 -0.425258 1.068868 -0.022193 -0.258762 0.642867 -0.082328 0.107348 0.687047 0.271865 -0.107111 0.383946 0.554238 -0.061936 -0.455170 -0.066208 -0.082631 -0.950347 0.253691 -0.126413 -1.274317 1.043297 -0.155526 -0.775997 0.291108 -0.063150 0.054197 -1.129365 0.391735 0.488932 -1.269476 -0.029775 0.529251 0.044365 -0.154157 0.047770 0.904309 0.490055 0.339273 0.102286 -0.064533 -1.144575 -0.213281 0.005292 0.695094 0.395785 0.170505 0.650473 -0.637650 -0.209493 -0.519156 0.401951 0.608387 -0.032369 -0.536054 -0.423787 1.068868 -0.041730 
-0.092103 0.318715 -0.108536 0.136527 0.437579 0.183076 0.314936 -0.059140 0.269378 -0.287940 0.461506 0.063031 0.056471 0.621460 0.326645 -0.290112 -0.099505 0.002613 0.346116 -0.321657 -0.316754 -0.137081 0.013658 -0.790792 0.062039 0.005002 -0.519533 -0.014582 0.523582 0.382244 -0.154135 -0.029842 0.593680 0.143505 0.469184 -0.639580 -0.392503 -2.646065 0.896965 0.275802 1.086471 -0.591316 -0.015304 0.663638 0.096466 0.177260 -0.570801 0.333287 -0.367685 0.076951 -1.234267 -0.003427 -0.495048 0.715697 -0.107316 0.318715 0.093523 0.162399 0.437579 -0.160570 0.351720 -0.059140 -0.219187 -0.275256 0.461506 -0.105433 0.104743 0.621460 -0.314507 -0.286451 -0.099505 -0.046021 0.294788 -0.321657 0.365006 -0.253939 0.013658 0.761353 -0.016449 0.005002 0.522966 0.042815 0.523582 -0.380119 -0.063507 -0.029842 -0.610066 0.046124 0.469184 0.653857 -0.253777 -2.646065 -0.945622 0.184156 1.086471 0.625945 -0.000688 0.663638 -0.097670 0.225164 -0.570801 -0.302989 -0.548345 0.076951 1.165301 0.103771 -0.495048 -0.708142 
-0.216762 -0.419814 -0.365429 -0.029114 -0.409953 -0.299020 0.195293 -0.007017 0.394210 -0.001811 0.025612 -0.207669 -0.035982 -0.208158 -0.407205 -0.362614 -0.141657 0.358108 0.119213 -0.261046 0.307849 -0.112122 -1.021584 -1.878345 0.396340 1.390699 2.021713 -0.215108 0.140569 0.554117 -0.140158 -0.364587 -0.226115 0.203341 0.032913 -0.352610 -0.017392 0.269624 0.114373 -0.052880 -0.572608 0.138994 0.050891 -0.396949 -0.471972 -0.023914 0.107454 0.085598 0.177622 0.614041 -0.025836 0.400630 0.272676 0.491562 -0.269034 -0.419814 0.328854 -0.073557 -0.409953 0.291290 0.252116 -0.007017 -0.360526 -0.032884 0.025612 0.205057 -0.096547 -0.208158 0.397227 -0.304908 -0.141657 -0.408365 0.163963 -0.261046 -0.286530 -0.392099 -1.021584 1.840383 0.694579 1.390699 -1.939580 -0.129716 0.140569 -0.580078 -0.172433 -0.364587 0.202580 0.148253 0.032913 0.379081 -0.000071 0.269624 -0.115688 -0.031473 -0.572608 -0.145345 -0.020350 -0.396949 0.474272 -0.010829 0.107454 -0.088213 0.171751 0.614041 0.052140 0.469714 0.272676 -0.426035 
0.004320 0.187107 -0.112222 0.148309 0.403947 0.564015 0.265859 1.227001 0.074642 0.129903 0.182274 0.824222 -0.043212 0.100327 0.699515 -0.080951 -0.378309 -0.230458 0.324808 -0.351408 -0.687398 0.201474 -0.787828 -0.810778 -0.182961 0.229499 0.412863 -0.336059 0.928707 -0.230629 0.482144 -0.559216 -0.012661 -1.034060 -0.131213 0.827910 0.121415 0.550269 -0.357987 0.009900 0.913521 -0.008179 -0.198823 -0.281908 0.328568 0.157488 -0.811884 0.081725 -0.875695 -1.416447 -0.048667 0.078197 0.069436 -1.248070 -0.012532 0.187107 0.111603 0.231086 0.403947 -0.535451 0.274038 1.227001 -0.033994 0.251847 0.182274 -0.795481 0.062012 0.100327 -0.698100 -0.114545 -0.378309 0.215740 0.218223 -0.351408 0.728282 0.077807 -0.787828 0.831805 -0.119081 0.229499 -0.435603 -0.366802 0.928707 0.177712 0.474813 -0.559216 0.084709 -0.898442 -0.131213 -0.973405 0.066445 0.550269 0.372131 0.008563 0.913521 0.009569 -0.147386 -0.281908 -0.354633 0.167950 -0.811884 -0.057224 -0.873110 -1.416447 -0.082998 -0.109555 0.069436 1.245709 
0.279167 -0.487409 -0.108545 -0.208822 -0.473654 0.057277 -0.682894 0.771442 0.766107 0.626154 -0.813550 0.285083 -0.089115 0.089171 0.161970 0.308128 0.262776 -1.210077 -0.182407 0.549394 -1.189237 0.315112 0.702072 0.513799 -0.360688 0.640748 0.617101 0.038571 -0.041692 -0.179244 -0.900643 -0.444155 0.812873 0.803030 -0.429280 -0.902238 0.000924 0.636880 -0.131992 0.000726 0.190314 0.064916 -0.081977 -0.205112 0.307554 0.079879 -0.286865 0.187468 -0.475249 -0.279304 -0.341204 0.745143 -0.660237 0.546314 0.259768 -0.487409 0.149120 -0.197892 -0.473654 -0.087898 -0.560488 0.771442 -0.859719 0.661780 -0.813550 -0.188116 -0.063859 0.089171 -0.173487 0.123472 0.262776 1.242572 -0.358413 0.549394 1.148519 0.388490 0.702072 -0.460826 -0.264225 0.640748 -0.664150 0.011298 -0.041692 0.182998 -0.768781 -0.444155 -0.938561 0.658888 -0.429280 1.012303 -0.018849 0.636880 0.130642 0.010438 0.190314 -0.064075 -0.035003 -0.205112 -0.316361 0.107048 -0.286865 -0.173394 -0.520980 -0.279304 0.266200 0.818542 -0.660237 -0.428587 
-0.024422 -0.285102 -0.220692 0.156712 -0.325726 0.109951 -0.757674 0.764581 1.634762 0.278852 -0.170508 -0.480837 -0.289125 -0.425308 -0.283191 0.536188 -1.607027 -0.384135 -0.295951 -1.049619 0.158391 0.097516 0.683030 -0.056928 -0.223367 0.310085 -0.806712 0.696540 0.854665 0.838393 0.502670 0.190606 -0.781357 -0.658890 -0.002987 0.613110 0.009180 -0.068159 0.055332 -0.010013 -0.382896 0.129976 -0.168184 -0.149056 -0.247236 0.126284 0.455092 0.066025 -0.012557 0.849126 -0.541276 0.189150 0.037436 0.127641 -0.057190 -0.285102 0.214547 0.171409 -0.325726 -0.085248 -0.504363 0.764581 -1.729779 0.203713 -0.170508 0.517169 -0.328268 -0.425308 0.236709 0.472628 -1.607027 0.460088 -0.268899 -1.049619 -0.200917 0.087893 0.683030 0.070887 -0.341637 0.310085 0.764173 0.814219 0.854665 -0.724650 0.380012 0.190606 0.847813 -0.559663 -0.002987 -0.704853 0.017361 -0.068159 -0.053334 0.009561 -0.382896 -0.130010 -0.203306 -0.149056 0.219267 0.134746 0.455092 -0.046373 -0.093460 0.849126 0.533294 0.206130 0.037436 -0.097881 
0.310786 -0.157336 0.122194 -0.283580 -0.317990 -0.080161 -0.772097 0.117160 -0.138727 0.699091 0.205080 0.278313 -0.403849 -0.096200 -0.375212 1.018833 -0.154660 0.847251 -0.671703 -0.109703 0.643222 0.635144 0.406869 -0.845472 -0.665233 0.833161 0.066863 0.551236 -1.577664 -0.177845 -0.327971 0.574351 0.243753 0.267454 0.164327 -0.208638 -0.007690 -1.073345 0.148257 0.011007 0.983921 -0.173238 -0.171983 0.240831 0.000778 0.068815 -0.033710 0.072849 -0.122647 -0.854750 0.450839 -0.227053 0.943162 -0.937457 0.325579 -0.157336 -0.074283 -0.292386 -0.317990 0.036797 -0.784165 0.117160 0.021558 0.732882 0.205080 -0.170502 -0.455476 -0.096200 0.310515 1.134205 -0.154660 -0.685152 -0.567823 -0.109703 -0.736544 0.501393 0.406869 0.931040 -0.647722 0.833161 -0.165713 0.518393 -1.577664 0.258375 -0.287777 0.574351 -0.290112 0.233200 0.164327 0.246332 0.014595 -1.073345 -0.147737 -0.015056 0.983921 0.172933 -0.169928 0.240831 -0.026519 0.078946 -0.033710 -0.061724 -0.053761 -0.854750 -0.464121 -0.364857 0.943162 0.892893 
0.168101 0.138890 0.170493 0.182200 0.270939 -0.292996 -0.035520 1.517740 0.608774 -0.299688 0.432655 -0.260226 0.675564 0.606649 -0.080644 -0.011011 -0.414987 -0.447824 0.596545 -0.223526 -0.125663 -0.159825 -0.300432 -0.358706 -0.048865 -0.614372 -0.060572 -0.394943 -0.524987 1.005868 -1.048466 0.230206 0.169506 0.640518 -0.252027 -0.048407 0.110173 0.031067 -0.173668 -0.091105 -0.217137 0.180573 -0.131536 0.528512 -0.504661 0.159540 0.662051 0.090506 0.538677 -0.401647 0.653038 -1.454740 -1.164329 -0.817517 0.191734 0.138890 -0.143402 0.136276 0.270939 0.316974 0.056031 1.517740 -0.607230 -0.335273 0.432655 0.212421 0.655873 0.606649 0.180886 -0.077938 -0.414987 0.441127 0.571005 -0.223526 0.213566 -0.211732 -0.300432 0.330732 -0.057383 -0.614372 0.052573 -0.239884 -0.524987 -1.053663 -1.011267 0.230206 -0.324580 0.626049 -0.252027 0.143765 0.082928 0.031067 0.188206 -0.063041 -0.217137 -0.192179 -0.205615 0.528512 0.479277 0.171293 0.662051 -0.065598 0.630383 -0.401647 -0.565021 -1.560747 -1.164329 0.590486 
0.479138 0.299026 -0.304842 0.008852 0.204309 0.185755 -0.094038 0.919255 1.158163 -0.189697 -1.008023 -0.041384 0.435988 -0.570405 0.214854 -0.271445 0.014254 0.095051 0.425551 0.701126 0.187660 -0.355144 0.325259 0.091201 0.385075 0.341185 0.409295 -0.816312 -1.753543 -1.799162 0.565563 1.025141 -0.216185 -0.444973 0.191902 0.261764 -0.020206 -0.705337 0.250078 -0.032093 0.016981 0.019854 -0.090036 0.022236 -0.180496 0.113274 0.160491 -0.145433 0.053486 0.711602 -0.339849 -0.092533 -0.455111 -0.114326 0.428094 0.299026 0.373146 0.036565 0.204309 -0.182335 0.080431 0.919255 -1.159187 -0.193755 -1.008023 0.012515 0.463243 -0.570405 -0.147153 -0.254153 0.014254 -0.134622 0.448852 0.701126 -0.121828 -0.337485 0.325259 -0.143348 0.442017 0.341185 -0.347025 -1.076495 -1.753543 1.656656 0.526818 1.025141 0.298429 -0.400764 0.191902 -0.325438 0.017465 -0.705337 -0.250285 -0.028758 0.016981 -0.024435 -0.116047 0.022236 0.164980 0.090222 0.160491 0.160754 0.001998 0.711602 0.344027 -0.108607 -0.455111 0.099183 
-0.258233 -0.013768 -0.283184 -0.046172 0.036218 0.331589 -0.058840 0.347424 0.191819 0.293221 -0.343802 -0.232659 0.134806 -0.360473 -0.620566 -0.306964 1.136016 1.961648 -0.052091 -1.636455 -2.033899 0.102878 0.282815 0.659744 0.376838 0.469028 0.064383 0.093232 0.037902 0.057635 -0.148396 -0.155807 0.125171 -0.079287 0.141871 0.098301 0.018970 -0.111426 0.042441 -0.031747 -0.478481 0.060348 -0.024395 0.370424 -0.117324 0.004283 -0.045826 0.038873 0.173819 0.078623 -0.117453 -0.400100 0.132748 -0.248328 -0.297723 -0.013768 0.241327 0.003996 0.036218 -0.334764 -0.029456 0.347424 -0.198467 0.255080 -0.343802 0.273940 0.040370 -0.360473 0.633755 -0.009790 1.136016 -1.985496 -0.356036 -1.636455 2.003171 0.200501 0.282815 -0.636903 0.382229 0.469028 -0.007234 0.100811 0.037902 -0.043026 -0.127981 -0.155807 -0.145979 -0.063675 0.141871 -0.109064 0.025111 -0.111426 -0.039123 -0.022353 -0.478481 -0.064421 -0.041687 0.370424 0.112349 0.010055 -0.045826 -0.037794 0.154273 0.078623 0.142155 -0.432771 0.132748 0.185622 
-0.268976 -0.005611 0.166046 0.017034 -0.041213 -0.105959 -0.049313 0.799613 -0.203164 -0.288908 0.768274 -0.615546 0.074975 0.383771 -0.378705 0.240953 0.069086 0.382966 -0.092342 -0.447032 0.092193 0.333696 -0.541418 0.395341 -0.280236 -0.522772 0.284973 0.051718 -0.474833 -0.059723 -0.104619 0.403817 -0.212037 0.109989 -0.147728 0.067503 0.029352 0.600150 -0.239961 0.016047 1.943754 -0.450768 -0.167468 -2.312986 0.344644 0.048076 -1.426852 0.499231 0.273234 1.589955 -0.251309 -0.163577 -0.682965 0.223024 -0.241082 -0.005611 -0.204447 0.000977 -0.041213 0.107315 -0.079177 0.799613 0.193490 -0.377816 0.768274 0.565350 0.017427 0.383771 0.385662 0.295578 0.069086 -0.342571 -0.077497 -0.447032 -0.104980 0.389128 -0.541418 -0.340921 -0.234409 -0.522772 -0.323719 0.042193 -0.474833 0.066794 -0.135188 0.403817 0.193982 0.118856 -0.147728 -0.050273 -0.006908 0.600150 0.241651 -0.051627 1.943754 0.448090 -0.113977 -2.312986 -0.365834 0.122283 -1.426852 -0.486405 0.232526 1.589955 0.289386 -0.128340 -0.682965 -0.245002 
0.405943 -0.032881 -0.157214 -0.565480 0.189401 -0.228948 0.149869 -0.921606 0.057689 -0.223680 -1.523467 0.649732 0.380982 -1.001836 0.658058 0.270225 -0.116039 0.041052 0.323154 0.254994 -0.111176 -0.256024 0.736268 -0.423499 0.232965 0.676331 -0.765101 -0.687278 0.508213 0.740520 -0.235541 -0.655857 0.657830 0.140187 0.021510 -0.237524 0.128934 0.109398 -0.211557 -0.072869 0.518807 -0.082320 -0.142625 -1.232113 0.312416 0.062239 -0.009492 0.111192 0.481838 1.378208 -0.152395 -0.609877 1.205802 -0.868445 0.377828 -0.032881 0.216223 -0.593386 0.189401 0.141698 0.156817 -0.921606 -0.034599 -0.123875 -1.523467 -0.675899 0.475217 -1.001836 -0.593596 0.273326 -0.116039 -0.000129 0.302865 0.254994 0.158308 -0.316548 0.736268 0.380391 0.115782 0.676331 0.791358 -0.568654 0.508213 -0.835078 -0.134390 -0.655857 -0.685682 0.103043 0.021510 0.255836 0.095804 0.109398 0.228477 -0.084373 0.518807 0.070482 -0.094239 -1.232113 -0.330249 0.078186 -0.009492 -0.100620 0.453588 1.378208 0.222821 -0.733032 1.205802 0.767339 
-0.376795 -0.203985 -0.320693 -0.006841 0.289910 0.424693 -0.472237 0.827136 -0.544665 0.174252 0.212473 0.063046 0.050833 -0.159708 0.000969 0.094628 -1.277602 0.629512 0.002541 -0.456459 1.069034 0.260594 -0.423896 0.140011 0.488461 0.484047 -0.368430 0.068573 1.652665 -1.771600 -0.861550 -0.955245 0.966949 0.440668 0.030581 -0.017367 -0.025292 0.117147 0.012886 -0.038879 -0.356481 0.136136 -0.097817 0.044828 -0.186325 0.177566 0.375264 -0.109804 0.230694 0.413698 -0.169313 -0.240059 -0.455060 0.018051 -0.420564 -0.203985 0.260661 0.056825 0.289910 -0.420930 -0.548465 0.827136 0.467818 0.181727 0.212473 -0.036245 0.050405 -0.159708 0.006653 0.187817 -1.277602 -0.608247 0.162577 -0.456459 -1.056603 0.278620 -0.423896 -0.099415 0.427791 0.484047 0.437413 -0.197458 1.652665 1.761897 -0.707059 -0.955245 -1.085047 0.433100 0.030581 0.083151 -0.023077 0.117147 -0.016527 -0.018058 -0.356481 -0.140422 -0.124613 0.044828 0.169579 0.159123 0.375264 0.135153 0.202743 0.413698 0.201946 -0.234650 -0.455060 -0.053791 
-0.267343 -0.723116 -1.505229 -1.011065 0.568183 1.378917 -0.086858 -0.751053 0.431413 0.964875 -0.098844 0.054733 0.917531 1.363092 -0.733595 -0.790545 -0.243824 -0.318213 -0.099724 0.269695 0.290369 0.003514 -0.385449 0.341750 0.150349 -0.826281 0.247579 0.184698 -0.063131 0.248818 0.043728 0.189446 -0.072920 0.084857 -0.003013 -0.003374 -0.055946 -0.313752 0.031491 0.078535 0.401472 -0.177839 -0.051015 -0.585592 0.225581 0.052188 0.582081 -0.129669 0.061882 -0.170962 0.149202 -0.023595 0.616892 -0.358381 -0.489704 -0.723116 1.448232 -0.793205 0.568183 -1.514757 -0.021284 -0.751053 -0.439555 0.962193 -0.098844 0.090352 0.797348 1.363092 0.862706 -0.829279 -0.243824 0.196259 -0.055124 0.269695 -0.302027 0.054644 -0.385449 -0.337372 0.185724 -0.826281 -0.222277 0.219871 -0.063131 -0.218359 0.032317 0.189446 0.078645 0.083396 -0.003013 0.016041 -0.050600 -0.313752 -0.039512 0.051023 0.401472 0.187593 -0.016664 -0.585592 -0.230677 0.032184 0.582081 0.136021 0.083524 -0.170962 -0.138255 -0.076989 0.616892 0.350808 
0.020800 0.009700 0.007200 0.005700 0.004700 0.003300 0.002100 0.001600 0.001000 0.000900 0.000800 0.000800 0.000700 0.000600 0.000500 0.000500 0.000400 0.000400 0.000400 0.000300 0.000300 0.000300 0.000300 0.000300 0.000200 0.000200 0.000200 0.000200 0.000200 0.000200 0.000200 0.000100 0.000100 0.000100 0.000100 0.000100 0.000100 0.000100 0.000100 0.000100 0.000100 0.000100 
