6.70737 1.02592 16.2503
4.13414 1.02739 16.2297
3.78759 1.23129 16.2368
3.86529 0.817277 16.1958
4.38793 0.81409 16.1992
4.47097 1.21114 16.2463
6.37419 1.18919 16.2518
6.44856 0.828825 16.2143
6.94291 0.795078 16.2279
7.05506 1.14393 16.2577
7.55217 1.06603 16.4146
7.49671 0.263557 16.4929
6.81414 0.302491 16.4677
6.24941 0.0504041 16.5926
5.20988 0.0430893 16.5585
4.59415 0.425528 16.3481
3.62908 0.683954 16.3768
3.51856 1.21197 16.3408
6.69657 1.02622 17.6031
4.12334 1.0277 17.5826
3.77695 1.23159 17.5698
3.85398 0.817595 17.6123
4.37661 0.814409 17.6173
4.46039 1.21144 17.5713
6.36345 1.1895 17.5961
6.43722 0.829144 17.635
6.93173 0.795393 17.6294
7.04434 1.14423 17.6012
7.54389 1.06626 17.4523
7.48968 0.263755 17.3735
6.80679 0.302698 17.3877
6.24413 0.0505527 17.254
5.20419 0.0432495 17.2715
4.58518 0.42578 17.4718
3.6207 0.68419 17.4276
3.50961 1.21222 17.4616
