0.715672271305305 -1.29119089161088 -0.651839152119701
-0.849008312420503 -1.31603404073494 -0.651968442530038
0.645446560555537 1.18054782082324 -0.549311856721832
-0.792732122108013 1.15450202962541 -0.535693266832918
0.506288844580426 -1.9904069933058 -0.102182520970302
-0.637993691773523 -2.01937348668281 -0.102613489004761
0.444612839905119 1.84062651331719 0.0959765812740875
-0.606185410292551 1.82420185870959 0.101363681704829
0.757014600020626 -0.561496403646204 0.362573407390614
-0.879185399979374 -0.586030301951289 0.364771344366357
0.459293585204029 -0.313305440820396 0.849351802312401
-0.576767671628451 -0.325434945164506 0.849050124688279
0.417051287428238 0.898682879931634 0.867840330990705
-0.5465343360033 0.898889047144282 0.868831557469961
